26257, -83.54641723632812, -58.8468132019043, 0.00027038573171012104
26258, -83.33824157714844, -58.92940139770508, 8.04138180683367e-05
26259, -83.12040710449219, -59.01417922973633, 7.133483450161293e-05
26260, -83.12040710449219, -59.01417922973633, 7.133483450161293e-05
26261, -82.89253997802734, -59.101619720458984, 0.00013484954251907766
26262, -82.65333557128906, -59.1923713684082, 0.0004414748982526362
26263, -82.65333557128906, -59.1923713684082, 0.0004414748982526362
26264, -82.40602111816406, -59.285335540771484, 0.0006172942812554538
26265, -82.40602111816406, -59.285335540771484, 0.0006172942812554538
26266, -82.16065979003906, -59.376869201660156, 0.0006806945893913507
26267, -81.91746520996094, -59.46671676635742, 0.0006970977410674095
26268, -81.91746520996094, -59.46671676635742, 0.0006970977410674095
26269, -81.67546844482422, -59.55551528930664, 0.0006963348132558167
26270, -81.43389129638672, -59.64341735839844, 0.0006903838948346674
26271, -81.43389129638672, -59.64341735839844, 0.0006903838948346674
26272, -80.20256042480469, -60.03559112548828, 0.0006685256958007812
26273, -79.9549789428711, -60.10902786254883, 0.0006648254347965121
26274, -79.7088623046875, -60.18109893798828, 0.0006612396100535989
26275, -79.7088623046875, -60.18109893798828, 0.0006612396100535989
26276, -78.26686096191406, -60.55131149291992, 0.0003418350243009627
26277, -78.26686096191406, -60.55131149291992, 0.0003418350243009627
26278, -78.02719116210938, -60.60420227050781, 0.00033931731013581157
26279, -78.02719116210938, -60.60420227050781, 0.00033931731013581157
26280, -76.73536682128906, -60.87186813354492, 0.0003775405930355191
26281, -76.52824401855469, -60.902000427246094, 0.0004055786121170968
26282, -76.52824401855469, -60.902000427246094, 0.0004055786121170968
26283, -75.58698272705078, -61.01904296875, 0.0006853484665043652
26284, -75.58698272705078, -61.01904296875, 0.0006853484665043652
26285, -75.33443450927734, -61.0476188659668, 0.0008129882626235485
26286, -75.33443450927734, -61.0476188659668, 0.0008129882626235485
26287, -75.1194076538086, -61.07162094116211, 0.0005971145583316684
26288, -75.1194076538086, -61.07162094116211, 0.0005971145583316684
26289, -74.96356964111328, -61.08897399902344, 0.0004272842197678983
26290, -74.96356964111328, -61.08897399902344, 0.0004272842197678983
26291, -74.46095275878906, -61.13919448852539, 0.00040889738011173904
26292, -74.46095275878906, -61.13919448852539, 0.00040889738011173904
26293, -74.27055358886719, -61.15749740600586, 0.0004423904465511441
26294, -74.06673431396484, -61.17677688598633, 0.0004740905715152621
26295, -72.64740753173828, -61.303768157958984, 0.000507354736328125
26296, -72.42671966552734, -61.32251739501953, 0.00048702239291742444
26297, -72.42671966552734, -61.32251739501953, 0.00048702239291742444
26298, -72.22200012207031, -61.339691162109375, 0.0004679870617110282
26299, -72.22200012207031, -61.339691162109375, 0.0004679870617110282
26300, -72.03346252441406, -61.35175704956055, 0.0004521179071161896
26301, -72.03346252441406, -61.35175704956055, 0.0004521179071161896
26302, -71.86109161376953, -61.36057662963867, 0.0004391479305922985
26303, -71.86109161376953, -61.36057662963867, 0.0004391479305922985
26304, -71.70335388183594, -61.36823272705078, 0.0004302215529605746
26305, -71.5595932006836, -61.3748893737793, 0.0004245376621838659
26306, -71.5595932006836, -61.3748893737793, 0.0004245376621838659
26307, -71.4295425415039, -61.380619049072266, 0.00042106627370230854
26308, -71.4295425415039, -61.380619049072266, 0.00042106627370230854
26309, -71.31501007080078, -61.38555145263672, 0.00041645049350336194
26310, -71.31501007080078, -61.38555145263672, 0.00041645049350336194
26311, -71.25125885009766, -61.38857650756836, 0.0003818511904682964
26312, -71.2428970336914, -61.38908386230469, 0.00034347534528933465
26313, -71.2428970336914, -61.38908386230469, 0.00034347534528933465
26314, -71.23954010009766, -61.38926696777344, 0.0004868698015343398
26315, -71.2394790649414, -61.38926696777344, 0.0004890441778115928
26316, -71.2394790649414, -61.38926696777344, 0.0004890441778115928
26317, -71.23944854736328, -61.38926696777344, 0.0004905319074168801
26318, -71.23943328857422, -61.38926696777344, 0.0004909896524623036
26319, -71.23943328857422, -61.38926696777344, 0.0004909896524623036
26320, -71.2394027709961, -61.38926696777344, 0.0004916381440125406
26321, -71.2394027709961, -61.38926696777344, 0.0004916381440125406
26322, -71.23937225341797, -61.38926696777344, 0.0004923248197883368
26323, -71.2393569946289, -61.38926696777344, 0.0004928588750772178
26324, -71.23933410644531, -61.38926696777344, 0.000493278494104743
26325, -71.23933410644531, -61.38926696777344, 0.000493278494104743
26326, -71.23932647705078, -61.38926696777344, 0.0004936218028888106
26327, -71.23932647705078, -61.38926696777344, 0.0004936218028888106
26328, -71.23931121826172, -61.38926696777344, 0.0004937744233757257
26329, -71.23930358886719, -61.38926696777344, 0.0004940032958984375
26330, -71.23930358886719, -61.38926696777344, 0.0004940032958984375
26331, -71.23930358886719, -61.38926696777344, 0.0004940032958984375
26332, -71.23930358886719, -61.38926696777344, 0.0004941558581776917
26333, -71.23930358886719, -61.38926696777344, 0.0004941558581776917
26334, -71.23929595947266, -61.38926696777344, 0.0004942321684211493
26335, -71.23929595947266, -61.38926696777344, 0.0004942321684211493
26336, -71.23929595947266, -61.38926696777344, 0.0004942321684211493
26337, -71.23928833007812, -61.38926696777344, 0.0004943084786646068
26338, -71.23928833007812, -61.38926696777344, 0.0004943084786646068
26339, -71.23928833007812, -61.38926696777344, 0.0004943084786646068
26340, -71.23928833007812, -61.38926696777344, 0.0004943084786646068
26341, -71.23928833007812, -61.38926696777344, 0.0004943084786646068
26342, -71.23928833007812, -61.38926696777344, 0.0004943084786646068
26343, -71.23928833007812, -61.38926696777344, 0.0004943084786646068
26344, -71.23928833007812, -61.38926696777344, 0.0004943084786646068
26345, -71.23928833007812, -61.38926696777344, 0.0004943084786646068
26346, -71.23928833007812, -61.38926696777344, 0.0004943084786646068
26347, -71.23928833007812, -61.38926696777344, 0.0004943084786646068
26348, -71.23928833007812, -61.38926696777344, 0.0004943084786646068
26349, -71.23928833007812, -61.38926696777344, 0.0004943084786646068
26350, -71.23928833007812, -61.38926696777344, 0.0004944229149259627
26351, -71.23928833007812, -61.38926696777344, 0.0004944229149259627
26352, -71.23928833007812, -61.38926696777344, 0.0004944229149259627
26353, -71.23928833007812, -61.38926696777344, 0.0004944229149259627
26354, -71.23928833007812, -61.38926696777344, 0.0004944229149259627
26355, -71.23928833007812, -61.38926696777344, 0.0004944229149259627
26356, -71.23928833007812, -61.38926696777344, 0.0004944229149259627
26357, -71.23928833007812, -61.38926696777344, 0.0004944229149259627
26358, -71.23928833007812, -61.38926696777344, 0.0004944229149259627
26359, -71.23928833007812, -61.38926696777344, 0.0004944229149259627
26360, -71.23928833007812, -61.38926696777344, 0.0004944229149259627
26361, -71.23928833007812, -61.38926696777344, 0.0004944229149259627
26362, -71.23928833007812, -61.38926696777344, 0.0004944229149259627
26363, -71.23928833007812, -61.38926696777344, 0.0004944229149259627
26364, -71.23928833007812, -61.38926696777344, 0.0004944229149259627
26365, -71.23928833007812, -61.38926696777344, 0.0004944229149259627
26366, -71.23928833007812, -61.38926696777344, 0.0004944229149259627
26367, -71.23928833007812, -61.38926696777344, 0.0004944229149259627
26368, -71.23928833007812, -61.38926696777344, 0.0004944229149259627
26369, -71.23928833007812, -61.38926696777344, 0.0004944229149259627
26370, -71.23928833007812, -61.38926696777344, 0.0004944229149259627
26371, -71.23928833007812, -61.38926696777344, 0.0004944229149259627
26372, -71.23928833007812, -61.38926696777344, 0.0004944229149259627
26373, -71.23928833007812, -61.38926696777344, 0.0004944229149259627
26374, -71.23928833007812, -61.38926696777344, 0.0004944229149259627
26375, -71.23928833007812, -61.38926696777344, 0.0004944229149259627
26376, -71.23928833007812, -61.38926696777344, 0.0004944229149259627
26377, -71.23928833007812, -61.38926696777344, 0.0004944229149259627
26378, -71.23928833007812, -61.38926696777344, 0.0004944229149259627
26379, -71.23928833007812, -61.38926696777344, 0.0004944229149259627
26380, -71.23928833007812, -61.38926696777344, 0.0004944229149259627
26381, -71.23928833007812, -61.38926696777344, 0.0004944229149259627
26382, -71.23928833007812, -61.38926696777344, 0.0004944229149259627
26383, -71.23928833007812, -61.38926696777344, 0.0004944229149259627
26384, -71.23928833007812, -61.38926696777344, 0.0004944229149259627
26385, -71.23928833007812, -61.38926696777344, 0.0004944229149259627
26386, -71.23928833007812, -61.38926696777344, 0.0004944229149259627
26387, -71.23928833007812, -61.38926696777344, 0.0004944229149259627
26388, -71.23928833007812, -61.38926696777344, 0.0004944229149259627
26389, -71.23928833007812, -61.38926696777344, 0.0004944229149259627
26390, -71.23928833007812, -61.38926696777344, 0.0004944229149259627
26391, -71.23928833007812, -61.38926696777344, 0.0004944229149259627
26392, -71.23928833007812, -61.38926696777344, 0.0004944229149259627
26393, -71.23928833007812, -61.38926696777344, 0.0004944229149259627
26394, -71.23928833007812, -61.38926696777344, 0.0004944229149259627
26395, -71.23928833007812, -61.38926696777344, 0.0004944229149259627
26396, -71.23928833007812, -61.38926696777344, 0.0004944229149259627
26397, -71.23928833007812, -61.38926696777344, 0.0004944229149259627
26398, -71.23928833007812, -61.38926696777344, 0.0004944229149259627
26399, -71.23928833007812, -61.38926696777344, 0.0004944229149259627
26400, -71.23928833007812, -61.38926696777344, 0.0004944229149259627
26401, -71.23928833007812, -61.38926696777344, 0.0004944229149259627
26402, -71.23928833007812, -61.38926696777344, 0.0004944229149259627
26403, -71.23928833007812, -61.38926696777344, 0.0004944229149259627
26404, -71.23928833007812, -61.38926696777344, 0.0004944229149259627
26405, -71.23928833007812, -61.38926696777344, 0.0004944229149259627
26406, -71.23928833007812, -61.38926696777344, 0.0004944229149259627
26407, -71.23928833007812, -61.38926696777344, 0.0004944229149259627
26408, -71.23928833007812, -61.38926696777344, 0.0004944229149259627
26409, -71.23928833007812, -61.38926696777344, 0.0004944229149259627
26410, -71.23928833007812, -61.38926696777344, 0.0004944229149259627
26411, -71.23928833007812, -61.38926696777344, 0.0004944229149259627
26412, -71.23928833007812, -61.38926696777344, 0.0004944229149259627
26413, -71.23928833007812, -61.38926696777344, 0.0004944229149259627
26414, -71.23928833007812, -61.38926696777344, 0.0004944229149259627
26415, -71.23928833007812, -61.38926696777344, 0.0004944229149259627
26416, -71.23928833007812, -61.38926696777344, 0.0004944229149259627
26417, -71.23928833007812, -61.38926696777344, 0.0004944229149259627
26418, -71.23786926269531, -61.389320373535156, 0.0004954147152602673
26419, -71.23786926269531, -61.389320373535156, 0.0004954147152602673
26420, -71.235595703125, -61.3893928527832, 0.0004967116983607411
26421, -71.23296356201172, -61.38948059082031, 0.0004975509364157915
26422, -71.23296356201172, -61.38948059082031, 0.0004975509364157915
26423, -71.22451782226562, -61.38981628417969, 0.0005027771112509072
26424, -71.21178436279297, -61.39028549194336, 0.0005075836088508368
26425, -71.21178436279297, -61.39028549194336, 0.0005075836088508368
26426, -71.19005584716797, -61.39113235473633, 0.000515365565661341
26427, -71.19005584716797, -61.39113235473633, 0.000515365565661341
26428, -71.15922546386719, -61.39236831665039, 0.000522994960192591
26429, -71.11957550048828, -61.39389419555664, 0.0005286025698296726
26430, -71.11957550048828, -61.39389419555664, 0.0005286025698296726
26431, -71.0691909790039, -61.39581298828125, 0.0005354309105314314
26432, -71.0691909790039, -61.39581298828125, 0.0005354309105314314
26433, -71.00730895996094, -61.39823913574219, 0.0005415725754573941
26434, -70.93315887451172, -61.40111541748047, 0.0005469894385896623
26435, -70.93315887451172, -61.40111541748047, 0.0005469894385896623
26436, -70.8465805053711, -61.40439224243164, 0.0005518341204151511
26437, -70.74752044677734, -61.408138275146484, 0.0005556106334552169
26438, -70.74752044677734, -61.408138275146484, 0.0005556106334552169
26439, -70.63671875, -61.41225814819336, 0.0005577087285928428
26440, -70.63671875, -61.41225814819336, 0.0005577087285928428
26441, -70.51296997070312, -61.41679382324219, 0.0005605316255241632
26442, -70.37487030029297, -61.42176055908203, 0.0005643463227897882
26443, -70.37487030029297, -61.42176055908203, 0.0005643463227897882
26444, -70.2208251953125, -61.42721176147461, 0.0005694580031558871
26445, -70.04910278320312, -61.43316650390625, 0.0005755614838562906
26446, -70.04910278320312, -61.43316650390625, 0.0005755614838562906
26447, -69.86095428466797, -61.4395637512207, 0.0005793761811219156
26448, -69.86095428466797, -61.4395637512207, 0.0005793761811219156
26449, -69.65750885009766, -61.446346282958984, 0.0005809784051962197
26450, -69.65750885009766, -61.446346282958984, 0.0005809784051962197
26451, -69.4398422241211, -61.45344161987305, 0.0005804443499073386
26452, -69.4398422241211, -61.45344161987305, 0.0005804443499073386
26453, -69.21161651611328, -61.460716247558594, 0.0005751037388108671
26454, -68.98054504394531, -61.467918395996094, 0.0005617904826067388
26455, -68.98054504394531, -61.467918395996094, 0.0005617904826067388
26456, -68.98054504394531, -61.467918395996094, 0.0005617904826067388
26457, -68.75533294677734, -61.47477722167969, 0.0005408477736636996
26458, -68.75533294677734, -61.47477722167969, 0.0005408477736636996
26459, -68.53950500488281, -61.481204986572266, 0.0005189513904042542
26460, -68.33120727539062, -61.487274169921875, 0.0005025863647460938
26461, -68.33120727539062, -61.487274169921875, 0.0005025863647460938
26462, -68.12799835205078, -61.49307632446289, 0.0004921722575090826
26463, -68.12799835205078, -61.49307632446289, 0.0004921722575090826
26464, -67.92668151855469, -61.49872970581055, 0.00048812865861691535
26465, -67.72294616699219, -61.50436782836914, 0.0004905319074168801
26466, -67.72294616699219, -61.50436782836914, 0.0004905319074168801
26467, -67.51406860351562, -61.51007080078125, 0.0004964828258380294
26468, -67.30126953125, -61.51580810546875, 0.0005014038179069757
26469, -67.30126953125, -61.51580810546875, 0.0005014038179069757
26470, -67.0892562866211, -61.52145767211914, 0.0005004882696084678
26471, -66.88137817382812, -61.5250244140625, 0.0004955673357471824
26472, -66.88137817382812, -61.5250244140625, 0.0004955673357471824
26473, -66.67698669433594, -61.52787399291992, 0.0004911040887236595
26474, -66.47260284423828, -61.53057861328125, 0.0004904174711555243
26475, -66.47260284423828, -61.53057861328125, 0.0004904174711555243
26476, -66.2630615234375, -61.533172607421875, 0.0004962158272974193
26477, -66.2630615234375, -61.533172607421875, 0.0004962158272974193
26478, -66.04429626464844, -61.53571319580078, 0.0005063247517682612
26479, -65.8143310546875, -61.53824234008789, 0.0005181884625926614
26480, -65.8143310546875, -61.53824234008789, 0.0005181884625926614
26481, -65.57210540771484, -61.5407600402832, 0.0005294036818668246
26482, -65.57210540771484, -61.5407600402832, 0.0005294036818668246
26483, -65.31695556640625, -61.54328155517578, 0.0007167434669099748
26484, -65.31695556640625, -61.54328155517578, 0.0007167434669099748
26484, -65.04981994628906, -61.54580307006836, 0.0008487701416015625
26486, -65.04981994628906, -61.54580307006836, 0.0008487701416015625
26487, -65.04981994628906, -61.54580307006836, 0.0008487701416015625
26488, -64.78236389160156, -61.54819869995117, 0.0008625793270766735
26489, -64.78236389160156, -61.54819869995117, 0.0008625793270766735
26490, -64.51451110839844, -61.55048370361328, 0.0008373641758225858
26491, -64.24410247802734, -61.55264663696289, 0.0008048248128034174
26492, -64.24410247802734, -61.55264663696289, 0.0008048248128034174
26493, -63.96824645996094, -61.55475616455078, 0.0007772445678710938
26494, -63.96824645996094, -61.55475616455078, 0.0007772445678710938
26495, -63.6881103515625, -61.55678176879883, 0.0007527923444285989
26496, -63.6881103515625, -61.55678176879883, 0.0007527923444285989
26497, -63.40830612182617, -61.55873489379883, 0.0007293319795280695
26498, -63.40830612182617, -61.55873489379883, 0.0007293319795280695
26499, -63.12651062011719, -61.56060791015625, 0.0007144164992496371
26500, -62.81598663330078, -61.56256866455078, 0.0007325744372792542
26501, -62.81598663330078, -61.56256866455078, 0.0007325744372792542
26502, -62.48469924926758, -61.5645637512207, 0.0007427978562191129
26503, -62.48469924926758, -61.5645637512207, 0.0007427978562191129
26504, -62.152610778808594, -61.566497802734375, 0.0007281493744812906
26505, -61.82701873779297, -61.56834030151367, 0.0007048415718600154
26506, -61.82701873779297, -61.56834030151367, 0.0007048415718600154
26507, -61.50967788696289, -61.56938934326172, 0.0006832504295744002
26508, -61.50967788696289, -61.56938934326172, 0.0006832504295744002
26509, -61.22609329223633, -61.56991958618164, 0.0006344604189507663
26510, -61.00996780395508, -61.57030487060547, 0.0003765869187191129
26511, -60.83575439453125, -61.57035827636719, 0.00023742674966342747
26512, -60.660945892333984, -61.57017517089844, 0.00021717071649618447
26513, -59.91909408569336, -61.568695068359375, 0.0004044723464176059
26514, -59.7080078125, -61.568172454833984, 0.0004474258457776159
26515, -59.48389434814453, -61.56757354736328, 0.00048137662815861404
26516, -59.48389434814453, -61.56757354736328, 0.00048137662815861404
26517, -59.246429443359375, -61.5669059753418, 0.0005069732433184981
26518, -58.995399475097656, -61.566162109375, 0.0006559753092005849
26519, -58.995399475097656, -61.566162109375, 0.0006559753092005849
26520, -58.731204986572266, -61.56534194946289, 0.0008286285446956754
26521, -58.731204986572266, -61.56534194946289, 0.0008286285446956754
26522, -58.46456527709961, -61.56448745727539, 0.0008613967802375555
26523, -58.198368072509766, -61.5635871887207, 0.0008413696195930243
26524, -57.92953872680664, -61.56265640258789, 0.0008103942964226007
26525, -57.65602111816406, -61.5616569519043, 0.0007816695724613965
26526, -57.37683868408203, -61.56060791015625, 0.0007579803350381553
26527, -57.09792709350586, -61.55955123901367, 0.0007337188581004739
26528, -56.8162841796875, -61.55813980102539, 0.0007187652518041432
26529, -56.505027770996094, -61.55632781982422, 0.0007367706275545061
26530, -56.17314147949219, -61.554290771484375, 0.0007463073707185686
26531, -55.840667724609375, -61.55216598510742, 0.0007302093436010182
26532, -55.514549255371094, -61.55002975463867, 0.0007065200479701161
26533, -55.19675827026367, -61.54788589477539, 0.0006841277936473489
26534, -54.902976989746094, -61.54585647583008, 0.0006453704554587603
26535, -54.67502975463867, -61.54429626464844, 0.00042377470526844263
26536, -54.48701095581055, -61.542972564697266, 0.0002612686075735837
26537, -54.298099517822266, -61.54158401489258, 0.00022933959553483874
26538, -54.10870361328125, -61.5401725769043, 0.0002539825509302318
26539, -53.91855239868164, -61.53876495361328, 0.0002983474696520716
26540, -53.72251510620117, -61.53730010986328, 0.0003490829258225858
26541, -53.51662826538086, -61.5357551574707, 0.0003979492175858468
26542, -53.29909896850586, -61.53410339355469, 0.00044040678767487407
26543, -53.069007873535156, -61.53236770629883, 0.0004747009079437703
26544, -52.82585906982422, -61.5305061340332, 0.0005014419439248741
26545, -52.569305419921875, -61.52854537963867, 0.0007381439208984375
26546, -52.30281448364258, -61.52652359008789, 0.0008448028238490224
26547, -52.036800384521484, -61.52449417114258, 0.0008511352352797985
26548, -51.77025604248047, -61.52229690551758, 0.0008250045357272029
26549, -51.500091552734375, -61.51998519897461, 0.0007952117593958974
26550, -51.224369049072266, -61.517601013183594, 0.0007700729183852673
26551, -50.945316314697266, -61.515174865722656, 0.000746231060475111
26552, -50.66695022583008, -61.51272964477539, 0.0007240676786750555
26553, -50.38262939453125, -61.51020812988281, 0.0007160567911341786
26554, -50.06719970703125, -61.50739288330078, 0.0007361983880400658
26555, -49.734153747558594, -61.50441360473633, 0.0007429504184983671
26556, -49.402889251708984, -61.501434326171875, 0.0007246017339639366
26557, -49.07870864868164, -61.49848937988281, 0.000701103184837848
26558, -48.76302719116211, -61.4955940246582, 0.0006795501685701311
26559, -48.49750518798828, -61.49202346801758, 0.0024899672716856003
26560, -48.2956428527832, -61.492591857910156, 0.0015981292817741632
26561, -48.13227462768555, -61.49148941040039, 6.095886055845767e-05
26562, -47.96792221069336, -61.48969268798828, -0.0004868698015343398
26563, -47.79999923706055, -61.48801803588867, -0.0005647659418173134
26564, -47.62614059448242, -61.486366271972656, -0.00044231413630768657
26565, -47.44215393066406, -61.484642028808594, -0.0002547454787418246
26566, -47.24559783935547, -61.48283004760742, -6.568908429471776e-05
26567, -47.03593063354492, -61.48087692260742, 9.742736438056454e-05
26568, -46.81285095214844, -61.47874450683594, 0.00022769927454646677
26569, -46.576175689697266, -61.47647476196289, 0.00032669067149981856
26570, -46.32579803466797, -61.47404479980469, 0.00047206878662109375
26571, -46.06179428100586, -61.471473693847656, 0.0007270431378856301
26572, -45.52741622924805, -61.46330261230469, 0.004165420308709145
26573, -45.25747299194336, -61.46393966674805, 0.006014900282025337
26574, -45.25747299194336, -61.46393966674805, 0.006014900282025337
26575, -44.97872543334961, -61.46315383911133, 0.0029688263311982155
26576, -44.69583511352539, -61.45973587036133, 0.0015604781219735742
26577, -44.41057205200195, -61.45634078979492, 0.0009332656627520919
26578, -44.124351501464844, -61.45315170288086, 0.0006732558831572533
26579, -43.838748931884766, -61.44999694824219, 0.0005796813638880849
26580, -43.5550422668457, -61.44694137573242, 0.0005575942923314869
26581, -43.27398681640625, -61.44391632080078, 0.000563125591725111
26582, -42.99577713012695, -61.44099807739258, 0.0005776595789939165
26583, -42.720027923583984, -61.438114166259766, 0.0005932998610660434
26584, -42.44582748413086, -61.43528747558594, 0.0006080245948396623
26585, -42.17179489135742, -61.43242645263672, 0.0006214141612872481
26586, -41.89630126953125, -61.42961120605469, 0.0006334304925985634
26587, -41.61796951293945, -61.42670440673828, 0.0006446456536650658
26588, -41.33618927001953, -61.42379379272461, 0.0006538009620271623
26589, -41.05146408081055, -61.42083740234375, 0.0006603622459806502
26590, -40.76517105102539, -61.41790008544922, 0.0006635284516960382
26591, -40.47901916503906, -61.41495132446289, 0.0006635284516960382
26592, -40.1944580078125, -61.41204833984375, 0.0006613159202970564
26593, -39.91244888305664, -61.409149169921875, 0.0006578826578333974
26594, -39.63335037231445, -61.406288146972656, 0.0006547164521180093
26595, -39.35695266723633, -61.40343475341797, 0.0006520843598991632
26596, -39.08247756958008, -61.4006233215332, 0.0006512069376185536
26597, -38.80865478515625, -61.397796630859375, 0.0006520843598991632
26598, -38.25651931762695, -61.39213562011719, 0.000659141514915973
26599, -38.25651931762695, -61.39213562011719, 0.000659141514915973
26600, -37.97573471069336, -61.38924789428711, 0.0006639098864980042
26601, -37.691673278808594, -61.38633346557617, 0.0006677627679891884
26602, -37.405521392822266, -61.383392333984375, 0.0006691360613331199
26603, -37.11899185180664, -61.38044738769531, 0.0006681823870167136
26604, -36.833702087402344, -61.37752151489258, 0.0006652450538240373
26605, -36.55078125, -61.37460708618164, 0.0006612396100535989
26606, -36.270790100097656, -61.37173843383789, 0.0006569671677425504
26607, -35.99369430541992, -61.3688850402832, 0.0006536483415402472
26608, -35.7188720703125, -61.36607360839844, 0.0006518554291687906
26609, -35.4451789855957, -61.36322784423828, 0.0006517409929074347
26610, -35.171016693115234, -61.36039352416992, 0.0006539153982885182
26611, -34.894710540771484, -61.357547760009766, 0.0006576537853106856
26612, -34.615047454833984, -61.35466766357422, 0.0006626129033975303
26613, -34.33182144165039, -61.35174560546875, 0.0006670379661954939
26614, -34.04597473144531, -61.34880828857422, 0.0006694411858916283
26615, -33.75918197631836, -61.345863342285156, 0.0006690215668641031
26616, -33.47319412231445, -61.34292984008789, 0.0006664657266810536
26617, -33.18934631347656, -61.34000015258789, 0.0006626129033975303
26618, -32.90840148925781, -61.33711624145508, 0.0006581497145816684
26619, -32.081478118896484, -61.32856750488281, 0.0006512832478620112
26620, -31.80784797668457, -61.32572555541992, 0.0006526184151880443
26621, -31.80784797668457, -61.32572555541992, 0.0006526184151880443
26622, -31.532533645629883, -61.322879791259766, 0.0006563186761923134
26623, -31.532533645629883, -61.322879791259766, 0.0006563186761923134
26624, -31.254056930541992, -61.320003509521484, 0.0006610107375308871
26625, -30.971837997436523, -61.31708526611328, 0.0006658554193563759
26626, -30.112951278686523, -61.308162689208984, 0.0006678390200249851
26627, -30.112951278686523, -61.308162689208984, 0.0006678390200249851
26628, -30.112951278686523, -61.308162689208984, 0.0006678390200249851
26629, -29.828176498413086, -61.3051643371582, 0.0006639861967414618
26630, -29.54620933532715, -61.30222702026367, 0.0006595993181690574
26631, -29.267406463623047, -61.29931640625, 0.0006554031278938055
26632, -28.991498947143555, -61.296443939208984, 0.0006523513584397733
26633, -28.44441795349121, -61.29075241088867, 0.0006518936133943498
26634, -28.170040130615234, -61.28789520263672, 0.0006547546363435686
26635, -27.892791748046875, -61.28501510620117, 0.0006593322614207864
26636, -27.892791748046875, -61.28501510620117, 0.0006593322614207864
26637, -27.611698150634766, -61.28208541870117, 0.0006647109985351562
26638, -27.326995849609375, -61.27912902832031, 0.000668754568323493
26639, -27.040077209472656, -61.27609634399414, 0.0006703948602080345
26640, -25.353500366210938, -61.25853729248047, 0.000650863628834486
26641, -25.08059310913086, -61.25569534301758, 0.0006509399390779436
26642, -25.08059310913086, -61.25569534301758, 0.0006509399390779436
26643, -21.16914176940918, -61.2149658203125, 0.0006557464366778731
26644, -20.890846252441406, -61.21207809448242, 0.0006612777360714972
26645, -20.890846252441406, -61.21207809448242, 0.0006612777360714972
26646, -20.60811996459961, -61.20914840698242, 0.000667304964736104
26647, -20.32171630859375, -61.206111907958984, 0.0006709289154969156
26648, -20.32171630859375, -61.206111907958984, 0.0006709289154969156
26649, -20.32171630859375, -61.206111907958984, 0.0006709289154969156
26650, -20.32171630859375, -61.206111907958984, 0.0006709289154969156
26651, -20.033546447753906, -61.203128814697266, 0.0006713104085065424
26652, -19.74579620361328, -61.20014190673828, 0.0006689453148283064
26653, -19.74579620361328, -61.20014190673828, 0.0006689453148283064
26654, -19.460248947143555, -61.197181701660156, 0.0006646346882916987
26655, -19.460248947143555, -61.197181701660156, 0.0006646346882916987
26656, -19.460248947143555, -61.197181701660156, 0.0006646346882916987
26657, -19.17799186706543, -61.19424819946289, 0.0006592559511773288
26658, -19.17799186706543, -61.19424819946289, 0.0006592559511773288
26659, -18.89942169189453, -61.191410064697266, 0.0006546020158566535
26660, -18.62424659729004, -61.18857955932617, 0.0006510543753392994
26661, -18.62424659729004, -61.18857955932617, 0.0006510543753392994
26662, -18.351526260375977, -61.18576431274414, 0.0006494522094726562
26663, -18.079652786254883, -61.182918548583984, 0.0006502532633021474
26664, -18.079652786254883, -61.182918548583984, 0.0006502532633021474
26665, -17.806507110595703, -61.18008041381836, 0.0006536483415402472
26666, -17.806507110595703, -61.18008041381836, 0.0006536483415402472
26667, -17.529949188232422, -61.17721176147461, 0.0006592178251594305
26668, -17.248680114746094, -61.17430114746094, 0.0006654358003288507
26669, -17.248680114746094, -61.17430114746094, 0.0006654358003288507
26670, -16.962942123413086, -61.17133712768555, 0.0006706237909384072
26671, -16.674467086791992, -61.16835403442383, 0.000672569265589118
26672, -16.674467086791992, -61.16835403442383, 0.000672569265589118
26673, -15.534966468811035, -61.15644073486328, 0.0006555938743986189
26674, -15.258960723876953, -61.15357208251953, 0.0006513213738799095
26675, -15.258960723876953, -61.15357208251953, 0.0006513213738799095
26676, -15.258960723876953, -61.15357208251953, 0.0006513213738799095
26677, -14.986076354980469, -61.15077590942383, 0.0006487655336968601
26678, -14.714869499206543, -61.14797592163086, 0.0006486892816610634
26679, -14.714869499206543, -61.14797592163086, 0.0006486892816610634
26680, -14.443215370178223, -61.14521026611328, 0.000651130685582757
26681, -14.168658256530762, -61.14237594604492, 0.0006566238007508218
26682, -14.168658256530762, -61.14237594604492, 0.0006566238007508218
26683, -13.88924503326416, -61.13949966430664, 0.0006636047037318349
26684, -13.88924503326416, -61.13949966430664, 0.0006636047037318349
26685, -13.60686206817627, -61.13657760620117, 0.0006669616559520364
26686, -13.32482624053955, -61.1336669921875, 0.0006664276006631553
26687, -13.32482624053955, -61.1336669921875, 0.0006664276006631553
26688, -13.036818504333496, -61.130638122558594, 0.0006742858677171171
26689, -13.036818504333496, -61.130638122558594, 0.0006742858677171171
26690, -12.719552993774414, -61.1272087097168, 0.0007038116455078125
26691, -12.391592979431152, -61.12362289428711, 0.0007108688005246222
26692, -12.068116188049316, -61.12009811401367, 0.0006976699805818498
26693, -11.751644134521484, -61.116600036621094, 0.0006808471516706049
26694, -11.443435668945312, -61.11326217651367, 0.0006649017450399697
26695, -11.174906730651855, -61.110408782958984, 0.0006161880446597934
26696, -10.973414421081543, -61.10826873779297, 0.00033210753463208675
26697, -10.801156044006348, -61.10641860961914, 0.00022541046200785786
26698, -10.627307891845703, -61.10454559326172, 0.0002206420904258266
26699, -10.450998306274414, -61.10260009765625, 0.0002591705124359578
26700, -10.268839836120605, -61.10063171386719, 0.00031280517578125
26701, -10.076543807983398, -61.09855270385742, 0.00036838531377725303
26702, -9.872099876403809, -61.0963020324707, 0.0004185485886409879
26703, -9.654807090759277, -61.09395217895508, 0.00045921324635855854
26704, -9.424259185791016, -61.09147262573242, 0.0004905700334347785
26705, -9.180224418640137, -61.08881759643555, 0.0005141067667864263
26706, -8.922541618347168, -61.085994720458984, 0.0007475662278011441
26707, -8.654571533203125, -61.08311080932617, 0.0008519363473169506
26708, -8.386930465698242, -61.08020782470703, 0.0008563613519072533
26709, -8.118700981140137, -61.07728958129883, 0.0008290862897410989
26710, -7.846807479858398, -61.0743408203125, 0.0007982635288499296
26711, -7.569356918334961, -61.071327209472656, 0.0007722473237663507
26712, -7.2850494384765625, -61.06797409057617, 0.0007523727254010737
26713, -6.995479106903076, -61.06442642211914, 0.0007357406429946423
26714, -6.703262805938721, -61.0608024597168, 0.0007197570521384478
26715, -6.412209510803223, -61.05714797973633, 0.0007033157162368298
26716, -6.1244635581970215, -61.05350875854492, 0.000687828054651618
26717, 1.71659517288208, -60.9592170715332, 0.0006314086494967341
26718, 1.986733317375183, -60.956321716308594, 0.0006267547723837197
26719, 1.986733317375183, -60.956321716308594, 0.0006267547723837197
26720, 2.25484037399292, -60.95347595214844, 0.0006290435558184981
26721, 2.5230441093444824, -60.9506721496582, 0.0006353759672492743
26722, 2.5230441093444824, -60.9506721496582, 0.0006353759672492743
26723, 2.794262409210205, -60.94844436645508, 0.0006444549653679132
26724, 2.794262409210205, -60.94844436645508, 0.0006444549653679132
26725, 3.0704283714294434, -60.94650650024414, 0.0006547546363435686
26726, 3.0704283714294434, -60.94650650024414, 0.0006547546363435686
26727, 3.352545976638794, -60.94505310058594, 0.0010813140543177724
26728, 3.6463234424591064, -60.94284439086914, 0.0009136199951171875
26729, 3.6463234424591064, -60.94284439086914, 0.0009136199951171875
26730, 3.955739736557007, -60.941165924072266, 0.0007675552042201161
26731, 4.261552810668945, -60.93955993652344, 0.0006927489885129035
26732, 4.261552810668945, -60.93955993652344, 0.0006927489885129035
26733, 4.560628414154053, -60.93801498413086, 0.0006549835088662803
26734, 4.560628414154053, -60.93801498413086, 0.0006549835088662803
26735, 4.851964950561523, -60.93655014038086, 0.0006360244587995112
26736, 4.851964950561523, -60.93655014038086, 0.0006360244587995112
26737, 5.135408878326416, -60.93516159057617, 0.0006266784621402621
26738, 5.135408878326416, -60.93516159057617, 0.0006266784621402621
26739, 5.411093235015869, -60.933837890625, 0.0006222152733244002
26740, 5.411093235015869, -60.933837890625, 0.0006222152733244002
26741, 5.6797404289245605, -60.93257141113281, 0.000620994542259723
26742, 5.943057537078857, -60.93133544921875, 0.0006224060198292136
26743, 5.943057537078857, -60.93133544921875, 0.0006224060198292136
26744, 6.203804969787598, -60.93010711669922, 0.0006271362071856856
26745, 6.464134216308594, -60.92890548706055, 0.0006338501116260886
26746, 6.464134216308594, -60.92890548706055, 0.0006338501116260886
26747, 6.726929187774658, -60.92770767211914, 0.0006428146152757108
26748, 6.726929187774658, -60.92770767211914, 0.0006428146152757108
26749, 6.99420690536499, -60.9265251159668, 0.0006531142862513661
26750, 7.267217636108398, -60.92532730102539, 0.0006621551583521068
26751, 7.267217636108398, -60.92532730102539, 0.0006621551583521068
26752, 7.539877891540527, -60.92412567138672, 0.0006637954502366483
26753, 7.539877891540527, -60.92412567138672, 0.0006637954502366483
26754, 7.539877891540527, -60.92412567138672, 0.0006637954502366483
26755, 10.679043769836426, -60.91497802734375, 0.000525627110619098
26756, 10.885501861572266, -60.91456985473633, 0.0003010177460964769
26757, 10.885501861572266, -60.91456985473633, 0.0003010177460964769
26758, 11.086410522460938, -60.91419219970703, 0.00023490905005019158
26759, 11.285968780517578, -60.913822174072266, 0.00024379730166401714
26760, 11.489506721496582, -60.9134635925293, 0.00028625488630495965
26761, 11.489506721496582, -60.9134635925293, 0.00028625488630495965
26762, 11.701581001281738, -60.913124084472656, 0.00033981321030296385
26763, 12.159543991088867, -60.912353515625, 0.0004368972731754184
26764, 12.159543991088867, -60.912353515625, 0.0004368972731754184
26765, 12.40733814239502, -60.911888122558594, 0.00047286986955441535
26766, 12.40733814239502, -60.911888122558594, 0.00047286986955441535
26767, 12.668354034423828, -60.911434173583984, 0.0007486724643968046
26768, 12.936652183532715, -60.911033630371094, 0.0008341598440892994
26769, 12.936652183532715, -60.911033630371094, 0.0008341598440892994
26770, 13.203667640686035, -60.91071701049805, 0.0008347702096216381
26771, 13.472278594970703, -60.910438537597656, 0.0008105087326839566
26772, 13.744643211364746, -60.910194396972656, 0.0007833862327970564
26773, 13.744643211364746, -60.910194396972656, 0.0007833862327970564
26774, 18.42540740966797, -60.90718078613281, 0.00046131134149618447
26775, 18.42540740966797, -60.90718078613281, 0.00046131134149618447
26776, 18.67122459411621, -60.90715026855469, 0.000490646343678236
26777, 18.93020248413086, -60.907127380371094, 0.0007608413579873741
26778, 18.93020248413086, -60.907127380371094, 0.0007608413579873741
26779, 19.196557998657227, -60.90709686279297, 0.0008426284766755998
26780, 19.196557998657227, -60.90709686279297, 0.0008426284766755998
26781, 19.46157455444336, -60.90708541870117, 0.0008406066917814314
26782, 19.46157455444336, -60.90708541870117, 0.0008406066917814314
26783, 19.728084564208984, -60.907073974609375, 0.0008146667387336493
26784, 19.99823760986328, -60.907073974609375, 0.0007861328194849193
26785, 19.99823760986328, -60.907073974609375, 0.0007861328194849193
26786, 20.274869918823242, -60.907039642333984, 0.0007635116344317794
26787, 20.274869918823242, -60.907039642333984, 0.0007635116344317794
26788, 20.552833557128906, -60.90699005126953, 0.0007395553402602673
26789, 20.830690383911133, -60.90694046020508, 0.0007189559983089566
26790, 20.830690383911133, -60.90694046020508, 0.0007189559983089566
26791, 21.11967658996582, -60.90695571899414, 0.0007187652518041432
26792, 21.440759658813477, -60.90693664550781, 0.0007403564522974193
26793, 21.440759658813477, -60.90693664550781, 0.0007403564522974193
26794, 21.7778263092041, -60.90697479248047, 0.000745048513635993
26795, 21.7778263092041, -60.90697479248047, 0.000745048513635993
26796, 22.113895416259766, -60.9069938659668, 0.0007263946463353932
26797, 22.113895416259766, -60.9069938659668, 0.0007263946463353932
26798, 22.44213104248047, -60.90699005126953, 0.0007016754243522882
26799, 22.44213104248047, -60.90699005126953, 0.0007016754243522882
26800, 22.76142692565918, -60.90699005126953, 0.0006796264206059277
26801, 24.55597686767578, -60.90719985961914, 0.00041072844760492444
26802, 24.55597686767578, -60.90719985961914, 0.00041072844760492444
26803, 24.79995346069336, -60.90726852416992, 0.00045269011752679944
26804, 25.05712127685547, -60.90731430053711, 0.0007032394059933722
26805, 25.05712127685547, -60.90731430053711, 0.0007032394059933722
26806, 25.32370376586914, -60.9073600769043, 0.0008194351103156805
26807, 25.32370376586914, -60.9073600769043, 0.0008194351103156805
26808, 25.589574813842773, -60.90740966796875, 0.0008329009870067239
26809, 25.856056213378906, -60.9074592590332, 0.000812263460829854
26810, 25.856056213378906, -60.9074592590332, 0.000812263460829854
26811, 26.1262149810791, -60.907508850097656, 0.0007860183250159025
26812, 26.1262149810791, -60.907508850097656, 0.0007860183250159025
26813, 26.40199851989746, -60.90758514404297, 0.0007633590721525252
26814, 26.40199851989746, -60.90758514404297, 0.0007633590721525252
26815, 26.68113899230957, -60.90768814086914, 0.000741615251172334
26816, 26.68113899230957, -60.90768814086914, 0.000741615251172334
26817, 26.95958137512207, -60.90776062011719, 0.0007206344162113965
26818, 27.243993759155273, -60.90787124633789, 0.0007134246407076716
26819, 27.243993759155273, -60.90787124633789, 0.0007134246407076716
26820, 27.243993759155273, -60.90787124633789, 0.0007134246407076716
26821, 27.559537887573242, -60.90796661376953, 0.0007345199701376259
26822, 27.559537887573242, -60.90796661376953, 0.0007345199701376259
26823, 27.892805099487305, -60.90806579589844, 0.0007419586181640625
26824, 28.224586486816406, -60.90816116333008, 0.0007242584251798689
26825, 28.224586486816406, -60.90816116333008, 0.0007242584251798689
26826, 28.865253448486328, -60.90835189819336, 0.000679397548083216
26827, 28.865253448486328, -60.90835189819336, 0.000679397548083216
26828, 28.865253448486328, -60.90835189819336, 0.000679397548083216
26829, 29.135406494140625, -60.90842819213867, 0.0006206512334756553
26830, 29.135406494140625, -60.90842819213867, 0.0006206512334756553
26831, 29.500585556030273, -60.90852737426758, 0.0002167129423469305
26832, 29.500585556030273, -60.90852737426758, 0.0002167129423469305
26833, 29.500585556030273, -60.90852737426758, 0.0002167129423469305
26834, 29.662948608398438, -60.90857696533203, 0.00020755767764057964
26835, 29.829063415527344, -60.908626556396484, 0.0002468109014444053
26836, 29.829063415527344, -60.908626556396484, 0.0002468109014444053
26837, 30.001380920410156, -60.9087028503418, 0.0003028488135896623
26838, 30.001380920410156, -60.9087028503418, 0.0003028488135896623
26839, 30.184024810791016, -60.90880584716797, 0.00036140441079623997
26840, 30.379404067993164, -60.90888214111328, 0.00041404724470339715
26841, 30.379404067993164, -60.90888214111328, 0.00041404724470339715
26842, 31.04576873779297, -60.90909957885742, 0.0005136108375154436
26843, 31.04576873779297, -60.90909957885742, 0.0005136108375154436
26844, 31.29519271850586, -60.90922546386719, 0.0006026077317073941
26845, 31.55826759338379, -60.90932846069336, 0.0008146667387336493
26846, 31.55826759338379, -60.90932846069336, 0.0008146667387336493
26847, 31.826871871948242, -60.909427642822266, 0.0008655166602693498
26848, 32.0947265625, -60.90952682495117, 0.0008507156162522733
26849, 32.0947265625, -60.90952682495117, 0.0008507156162522733
26850, 32.364295959472656, -60.90962219238281, 0.0008190918015316129
26851, 32.638545989990234, -60.90972137451172, 0.0007890700944699347
26852, 32.638545989990234, -60.90972137451172, 0.0007890700944699347
26853, 32.91878890991211, -60.90981674194336, 0.0007646560552529991
26854, 33.199546813964844, -60.909915924072266, 0.0007394790300168097
26855, 33.199546813964844, -60.909915924072266, 0.0007394790300168097
26856, 33.48012924194336, -60.91001510620117, 0.0007185745052993298
26857, 33.77779769897461, -60.910125732421875, 0.0007247161702252924
26858, 33.77779769897461, -60.910125732421875, 0.0007247161702252924
26859, 34.76892852783203, -60.910491943359375, 0.0007147979340516031
26860, 35.09126281738281, -60.910614013671875, 0.000692024186719209
26861, 35.40485382080078, -60.910736083984375, 0.0006724929553456604
26862, 35.40485382080078, -60.910736083984375, 0.0006724929553456604
26863, 35.6724853515625, -60.91083908081055, 0.0006156539893709123
26864, 35.8734245300293, -60.910911560058594, 0.0003303527773823589
26865, 35.8734245300293, -60.910911560058594, 0.0003303527773823589
26866, 36.03262710571289, -60.91096496582031, 0.00021354675118345767
26867, 36.03262710571289, -60.91096496582031, 0.00021354675118345767
26868, 36.192501068115234, -60.91105651855469, 0.00020477295038290322
26869, 36.3560791015625, -60.9111328125, 0.0002446365251671523
26870, 36.3560791015625, -60.9111328125, 0.0002446365251671523
26871, 36.52570343017578, -60.91120529174805, 0.0003009796200785786
26872, 36.70547866821289, -60.911312103271484, 0.0003598022449295968
26873, 36.70547866821289, -60.911312103271484, 0.0003598022449295968
26874, 36.898094177246094, -60.911399841308594, 0.0004130554152652621
26875, 36.898094177246094, -60.911399841308594, 0.0004130554152652621
26876, 37.10402297973633, -60.91149139404297, 0.00045612335088662803
26877, 37.323482513427734, -60.911590576171875, 0.0004892730503343046
26878, 37.323482513427734, -60.911590576171875, 0.0004892730503343046
26879, 37.55659866333008, -60.91168975830078, 0.0005135726532898843
26880, 37.803443908691406, -60.91178512573242, 0.0005311965942382812
26881, 37.803443908691406, -60.91178512573242, 0.0005311965942382812
26882, 38.06409454345703, -60.91194534301758, 0.0007904433878138661
26883, 38.333152770996094, -60.91209030151367, 0.0008650207309983671
26884, 38.333152770996094, -60.91209030151367, 0.0008650207309983671
26885, 38.60107421875, -60.91222381591797, 0.0008569717174395919
26886, 38.87057113647461, -60.912353515625, 0.0008264922653324902
26887, 39.14380645751953, -60.91249465942383, 0.0007948684506118298
26888, 39.42335510253906, -60.91263961791992, 0.0007699584821239114
26889, 39.70960998535156, -60.91278839111328, 0.0007506179390475154
26890, 40.00621795654297, -60.91293716430664, 0.0007414245628751814
26891, 40.3123779296875, -60.91316223144531, 0.0007311630179174244
26892, 40.61318588256836, -60.913368225097656, 0.0007093810709193349
26893, 40.906761169433594, -60.91355895996094, 0.0006878661806695163
26894, 44.825130462646484, -60.91600036621094, 0.0007381057366728783
26895, 45.172698974609375, -60.91621780395508, 0.0007286453037522733
26896, 45.172698974609375, -60.91621780395508, 0.0007286453037522733
26897, 45.5132942199707, -60.916439056396484, 0.000705718994140625
26898, 45.5132942199707, -60.916439056396484, 0.000705718994140625
26899, 45.84529113769531, -60.91664505004883, 0.0006836318643763661
26900, 45.84529113769531, -60.91664505004883, 0.0006836318643763661
26901, 46.167537689208984, -60.916839599609375, 0.0006649017450399697
26902, 46.167537689208984, -60.916839599609375, 0.0006649017450399697
26903, 46.479862213134766, -60.91703414916992, 0.0006502532633021474
26904, 46.757747650146484, -60.91716766357422, 0.000609550450462848
26905, 46.757747650146484, -60.91716766357422, 0.000609550450462848
26906, 46.9681282043457, -60.91727066040039, 0.00035739896702580154
26907, 46.9681282043457, -60.91727066040039, 0.00035739896702580154
26908, 47.13751983642578, -60.91734313964844, 0.0002220535243395716
26909, 47.13751983642578, -60.91734313964844, 0.0002220535243395716
26910, 47.68629455566406, -60.91762924194336, 0.00030998227884992957
26911, 47.89187240600586, -60.917747497558594, 0.00037097930908203125
26912, 47.89187240600586, -60.917747497558594, 0.00037097930908203125
26913, 48.11050796508789, -60.917869567871094, 0.0004230880585964769
26914, 48.34249496459961, -60.917991638183594, 0.00046421049046330154
26915, 48.34249496459961, -60.917991638183594, 0.00046421049046330154
26916, 48.588035583496094, -60.91813278198242, 0.0004952239687554538
26917, 48.84727096557617, -60.91828155517578, 0.0007658386020921171
26918, 48.84727096557617, -60.91828155517578, 0.0007658386020921171
26919, 49.114070892333984, -60.918426513671875, 0.0008469390450045466
26920, 49.114070892333984, -60.918426513671875, 0.0008469390450045466
26921, 49.37965774536133, -60.91851806640625, 0.0008440780220553279
26922, 49.646873474121094, -60.918636322021484, 0.000817260704934597
26923, 49.646873474121094, -60.918636322021484, 0.000817260704934597
26924, 49.91786575317383, -60.918758392333984, 0.0007883834769017994
26925, 49.91786575317383, -60.918758392333984, 0.0007883834769017994
26926, 50.19541931152344, -60.91885757446289, 0.0007654189830645919
26927, 50.19541931152344, -60.91885757446289, 0.0007654189830645919
26928, 50.47426986694336, -60.91897201538086, 0.0007411575061269104
26929, 50.47426986694336, -60.91897201538086, 0.0007411575061269104
26930, 50.753021240234375, -60.91909408569336, 0.000720176671165973
26931, 51.04279327392578, -60.91921615600586, 0.000719528179615736
26932, 51.36408615112305, -60.91936492919922, 0.0007402801420539618
26933, 51.70048141479492, -60.91950988769531, 0.0007434844737872481
26934, 52.03445053100586, -60.91965866088867, 0.0007240295526571572
26935, 52.360633850097656, -60.91976547241211, 0.0006994247087277472
26936, 52.67796325683594, -60.91987609863281, 0.0006778716924600303
26937, 52.96128845214844, -60.91998291015625, 0.0006303787231445312
26938, 53.17716598510742, -60.920066833496094, 0.0003734588681254536
26939, 53.35151672363281, -60.92013931274414, 0.0002347946137888357
26940, 53.52849578857422, -60.92021179199219, 0.00021686553373001516
26941, 53.71144104003906, -60.9202880859375, 0.00025360105792060494
26942, 53.90437698364258, -60.92036437988281, 0.0003110122634097934
26943, 54.10933303833008, -60.92043685913086, 0.00036987304338254035
26944, 54.32703399658203, -60.92051315307617, 0.0004211044288240373
26945, 54.55792236328125, -60.92060852050781, 0.00046218870556913316
26946, 54.802249908447266, -60.92070770263672, 0.0004934310563839972
26947, 55.060203552246094, -60.92080307006836, 0.0007334518013522029
26948, 55.32815933227539, -60.920902252197266, 0.0008417510543949902
26949, 55.5956916809082, -60.92100143432617, 0.0008492660126648843
26950, 55.86387252807617, -60.921043395996094, 0.0008241271716542542
26951, 56.135765075683594, -60.92112350463867, 0.0007947540143504739
26952, 56.41326904296875, -60.92121887207031, 0.0007695769891142845
26953, 56.69767761230469, -60.92127227783203, 0.0007507324335165322
26954, 56.98738479614258, -60.92134475708008, 0.0007344054756686091
26955, 57.279720306396484, -60.92142105102539, 0.000718727067578584
26956, 57.57086181640625, -60.92149353027344, 0.0007026290986686945
26957, 57.85866165161133, -60.921566009521484, 0.0006872558151371777
26958, 58.14166259765625, -60.920814514160156, 0.0006736373761668801
26959, 58.4195442199707, -60.91967010498047, 0.0006626892136409879
26960, 58.69260025024414, -60.91835403442383, 0.0006546402000822127
26961, 58.96247482299805, -60.91691207885742, 0.0006506347563117743
26962, 59.23106002807617, -60.91535568237305, 0.0006499862647615373
26963, 59.50123977661133, -60.91368865966797, 0.0006535339052788913
26964, 59.77508544921875, -60.91191864013672, 0.0006593703874386847
26965, 60.05508041381836, -60.91004180908203, 0.0006673431489616632
26966, 60.34130859375, -60.90805435180664, 0.0006742095574736595
26967, 60.63228225708008, -60.90599060058594, 0.0006782913114875555
26968, 60.92427444458008, -60.903865814208984, 0.0006763458368368447
26969, 61.21456527709961, -60.90172576904297, 0.0006710815359838307
26970, 61.50088882446289, -60.89956283569336, 0.0006638335762545466
26971, 62.330291748046875, -60.893157958984375, 0.0006460952572524548
26972, 62.330291748046875, -60.893157958984375, 0.0006460952572524548
26973, 62.59932327270508, -60.89103698730469, 0.0006449508364312351
26974, 62.86826705932617, -60.88890075683594, 0.0006475066766142845
26975, 62.86826705932617, -60.88890075683594, 0.0006475066766142845
26976, 63.1390495300293, -60.8826904296875, 0.0006529617239721119
26977, 63.4144287109375, -60.87191390991211, 0.0006608963012695312
26978, 63.696136474609375, -60.85897445678711, 0.0006691741873510182
26979, 63.98438262939453, -60.8444938659668, 0.0006757735973224044
26980, 64.2767333984375, -60.82865905761719, 0.0006784057477489114
26981, 64.57402801513672, -60.81160354614258, 0.0006815337692387402
26982, 64.87109375, -60.79386520385742, 0.0006769561441615224
26983, 65.16173553466797, -60.77608871459961, 0.0006662368541583419
26984, 65.4449234008789, -60.75829315185547, 0.0006550979451276362
26985, 66.51345825195312, -60.687416076660156, 0.0006364822038449347
26986, 66.51345825195312, -60.687416076660156, 0.0006364822038449347
26987, 66.77275085449219, -60.66945266723633, 0.0006398772820830345
26988, 66.77275085449219, -60.66945266723633, 0.0006398772820830345
26989, 67.03361511230469, -60.6511344909668, 0.0006461715674959123
26990, 67.03361511230469, -60.6511344909668, 0.0006461715674959123
26991, 67.29866027832031, -60.63231658935547, 0.0006546402000822127
26992, 67.56700897216797, -60.61309051513672, 0.0006602478097192943
26993, 67.83494567871094, -60.59374237060547, 0.0006615447928197682
26994, 68.10880279541016, -60.569984436035156, 0.0006717300275340676
26995, 68.41670989990234, -60.53855895996094, 0.0007091140723787248
26996, 68.7496337890625, -60.502723693847656, 0.0007341766031458974
26997, 69.0918960571289, -60.46442413330078, 0.0007331084925681353
26998, 69.42953491210938, -60.42570114135742, 0.0007126617128960788
26999, 70.64081573486328, -60.27299499511719, 0.000598907470703125
27000, 70.64081573486328, -60.27299499511719, 0.000598907470703125
27001, 70.86204528808594, -60.2397575378418, 0.000343513471307233
27002, 71.07508850097656, -60.20410919189453, 0.0002586364571470767
27003, 72.1954116821289, -60.001708984375, 0.0004349517694208771
27004, 72.45099639892578, -59.95412826538086, 0.0007199096726253629
27005, 72.45099639892578, -59.95412826538086, 0.0007199096726253629
27006, 72.71234893798828, -59.90143585205078, 0.0008134078816510737
27007, 72.97134399414062, -59.845130920410156, 0.0008196258568204939
27008, 72.97134399414062, -59.845130920410156, 0.0008196258568204939
27009, 73.2314682006836, -59.78678894042969, 0.0007992553291842341
27010, 73.49508666992188, -59.72600555419922, 0.0007749557262286544
27011, 73.76954650878906, -59.66131591796875, 0.000762672396376729
27012, 73.76954650878906, -59.66131591796875, 0.000762672396376729
27013, 74.0593032836914, -59.592098236083984, 0.0007551193120889366
27014, 74.35147094726562, -59.5213508605957, 0.0007373046828433871
27015, 74.35147094726562, -59.5213508605957, 0.0007373046828433871
27016, 74.64152526855469, -59.45039367675781, 0.0007160949753597379
27017, 74.64152526855469, -59.45039367675781, 0.0007160949753597379
27018, 74.92689514160156, -59.379783630371094, 0.0006958007579669356
27019, 75.20555114746094, -59.30650329589844, 0.0006795119843445718
27020, 75.20555114746094, -59.30650329589844, 0.0006795119843445718
27021, 75.47660064697266, -59.23049545288086, 0.0006653594900853932
27022, 75.74042510986328, -59.15430450439453, 0.0006533050327561796
27023, 75.997802734375, -59.07801055908203, 0.0006453323294408619
27024, 76.25106048583984, -59.0014762878418, 0.0006419753772206604
27025, 76.5029067993164, -58.92399597167969, 0.000643501291051507
27026, 76.75625610351562, -58.84503936767578, 0.0006488037179224193
27027, 84.46511840820312, -55.35757064819336, 0.0006823730072937906
27028, 84.46511840820312, -55.35757064819336, 0.0006823730072937906
27029, 84.70462799072266, -55.21240997314453, 0.0006740951212123036
27030, 84.94242858886719, -55.06675338745117, 0.0006682586390525103
27031, 84.94242858886719, -55.06675338745117, 0.0006682586390525103
27032, 85.17924499511719, -54.92057418823242, 0.0006648635608144104
27033, 85.17924499511719, -54.92057418823242, 0.0006648635608144104
27034, 86.11764526367188, -54.31785202026367, 0.0006639861967414618
27035, 86.11764526367188, -54.31785202026367, 0.0006639861967414618
27036, 86.11764526367188, -54.31785202026367, 0.0006639861967414618
27037, 86.34962463378906, -54.15924835205078, 0.0006639480707235634
27038, 86.5816421508789, -53.99872970581055, 0.0006639861967414618
27039, 86.5816421508789, -53.99872970581055, 0.0006639861967414618
27040, 86.81304168701172, -53.83681106567383, 0.000663490267470479
27041, 86.81304168701172, -53.83681106567383, 0.000663490267470479
27042, 87.04381561279297, -53.67400360107422, 0.000662574777379632
27043, 87.04381561279297, -53.67400360107422, 0.000662574777379632
27044, 87.2732925415039, -53.510780334472656, 0.0006612014840357006
27045, 87.50160217285156, -53.34737777709961, 0.0006597518804483116
27046, 87.50160217285156, -53.34737777709961, 0.0006597518804483116
27047, 87.72593688964844, -53.18098068237305, 0.0006591796991415322
27048, 87.94692993164062, -53.01176071166992, 0.0006579970940947533
27049, 87.94692993164062, -53.01176071166992, 0.0006579970940947533
27050, 88.16612243652344, -52.84110641479492, 0.000657043419778347
27051, 88.3846435546875, -52.66893768310547, 0.0006575393490493298
27052, 88.3846435546875, -52.66893768310547, 0.0006575393490493298
27053, 88.60276794433594, -52.49516296386719, 0.0006588745163753629
27054, 88.60276794433594, -52.49516296386719, 0.0006588745163753629
27055, 88.82125854492188, -52.3197021484375, 0.0006607436807826161
27056, 89.03983306884766, -52.14271545410156, 0.0006622314103879035
27057, 89.03983306884766, -52.14271545410156, 0.0006622314103879035
27058, 89.25869750976562, -51.964447021484375, 0.0006630706484429538
27059, 89.25869750976562, -51.964447021484375, 0.0006630706484429538
27060, 89.47715759277344, -51.78539276123047, 0.0006630706484429538
27061, 89.69252014160156, -51.60313034057617, 0.0006633377051912248
27062, 89.69252014160156, -51.60313034057617, 0.0006633377051912248
27063, 89.90403747558594, -51.418113708496094, 0.0006614684825763106
27064, 90.3211669921875, -51.04540252685547, 0.0006578445318154991
27065, 90.52754974365234, -50.85801696777344, 0.0006573486025445163
27066, 90.52754974365234, -50.85801696777344, 0.0006573486025445163
27067, 90.7328109741211, -50.66988754272461, 0.0006575012230314314
27068, 90.93775939941406, -50.48075485229492, 0.0006585311493836343
27069, 90.93775939941406, -50.48075485229492, 0.0006585311493836343
27070, 91.14241790771484, -50.290565490722656, 0.0006597137544304132
27071, 91.14241790771484, -50.290565490722656, 0.0006597137544304132
27072, 91.34456634521484, -50.096492767333984, 0.0006618881016038358
27073, 91.34456634521484, -50.096492767333984, 0.0006618881016038358
27074, 91.54388427734375, -49.898841857910156, 0.0006624984671361744
27075, 91.7423324584961, -49.69919204711914, 0.0006625365931540728
27076, 91.7423324584961, -49.69919204711914, 0.0006625365931540728
27077, 91.93962860107422, -49.49809646606445, 0.0006620025378651917
27078, 91.93962860107422, -49.49809646606445, 0.0006620025378651917
27079, 92.13605499267578, -49.295989990234375, 0.0006615829188376665
27080, 92.13605499267578, -49.295989990234375, 0.0006615829188376665
27081, 92.33116912841797, -49.0933837890625, 0.0006605148082599044
27082, 92.52525329589844, -48.8904914855957, 0.0006597900064662099
27083, 92.52525329589844, -48.8904914855957, 0.0006597900064662099
27084, 92.71800231933594, -48.68756866455078, 0.0006587982061319053
27085, 92.71800231933594, -48.68756866455078, 0.0006587982061319053
27086, 92.90988159179688, -48.484500885009766, 0.0006582641508430243
27087, 92.90988159179688, -48.484500885009766, 0.0006582641508430243
27088, 93.09779357910156, -48.27878952026367, 0.000659141514915973
27089, 93.28241729736328, -48.07026290893555, 0.0006591796991415322
27090, 93.28241729736328, -48.07026290893555, 0.0006591796991415322
27091, 93.46553802490234, -47.860042572021484, 0.0006592559511773288
27092, 93.46553802490234, -47.860042572021484, 0.0006592559511773288
27093, 93.64812469482422, -47.64805221557617, 0.0006602096254937351
27094, 93.64812469482422, -47.64805221557617, 0.0006602096254937351
27095, 93.64812469482422, -47.64805221557617, 0.0006602096254937351
27096, 93.830078125, -47.4344482421875, 0.0006609725533053279
27097, 94.0118637084961, -47.219383239746094, 0.0006619262276217341
27098, 94.0118637084961, -47.219383239746094, 0.0006619262276217341
27099, 94.1930160522461, -47.00334548950195, 0.0006623458466492593
27100, 94.37364959716797, -46.786659240722656, 0.0006621932843700051
27101, 94.37364959716797, -46.786659240722656, 0.0006621932843700051
27102, 94.55007934570312, -46.56756591796875, 0.0006623840308748186
27103, 94.72264099121094, -46.34646224975586, 0.0006607055547647178
27104, 94.72264099121094, -46.34646224975586, 0.0006607055547647178
27105, 94.89285278320312, -46.12471389770508, 0.000658760080114007
27106, 94.89285278320312, -46.12471389770508, 0.000658760080114007
27107, 95.06153106689453, -45.90232467651367, 0.0006578826578333974
27108, 95.06153106689453, -45.90232467651367, 0.0006578826578333974
27109, 95.22874450683594, -45.679325103759766, 0.0006576537853106856
27110, 95.39527893066406, -45.45541763305664, 0.0006581878405995667
27111, 95.39527893066406, -45.45541763305664, 0.0006581878405995667
27112, 95.56108856201172, -45.23057556152344, 0.0006593322614207864
27113, 95.72674560546875, -45.004554748535156, 0.0006605529924854636
27114, 95.89203643798828, -44.77757263183594, 0.0006614684825763106
27115, 97.13006591796875, -42.90585708618164, 0.0006588745163753629
27116, 97.27632904052734, -42.66786575317383, 0.000659942626953125
27117, 97.27632904052734, -42.66786575317383, 0.000659942626953125
27118, 97.41861724853516, -42.42768478393555, 0.0006600570632144809
27119, 98.11235809326172, -41.20744705200195, 0.0006612777360714972
27120, 98.24835968017578, -40.9613037109375, 0.0006610870477743447
27121, 98.38358306884766, -40.715049743652344, 0.0006603622459806502
27122, 98.38358306884766, -40.715049743652344, 0.0006603622459806502
27123, 98.88801574707031, -39.71803283691406, 0.0006584548973478377
27124, 100.12950897216797, -36.89585494995117, 0.0006587982061319053
27125, 100.2326431274414, -36.63581848144531, 0.0006594466976821423
27126, 100.2326431274414, -36.63581848144531, 0.0006594466976821423
27127, 100.33499145507812, -36.375450134277344, 0.0006594466976821423
27128, 100.43321990966797, -36.1132698059082, 0.0006612777360714972
27129, 100.43321990966797, -36.1132698059082, 0.0006612777360714972
27130, 100.52714538574219, -35.84956359863281, 0.0006613540463149548
27131, 100.61933135986328, -35.584716796875, 0.0006610488635487854
27132, 100.61933135986328, -35.584716796875, 0.0006610488635487854
27133, 100.7098388671875, -35.3190803527832, 0.0006606292445212603
27134, 100.79925537109375, -35.052650451660156, 0.0006608199910260737
27135, 100.79925537109375, -35.052650451660156, 0.0006608199910260737
27136, 100.88742065429688, -34.78590393066406, 0.0006605529924854636
27137, 100.97468566894531, -34.51883316040039, 0.0006605148082599044
27138, 100.97468566894531, -34.51883316040039, 0.0006605148082599044
27139, 101.06089782714844, -34.25188446044922, 0.0006599807529710233
27140, 101.14266204833984, -33.983978271484375, 0.0006607055547647178
27141, 101.14266204833984, -33.983978271484375, 0.0006607055547647178
27142, 101.21990966796875, -33.715457916259766, 0.0006597518804483116
27143, 101.21990966796875, -33.715457916259766, 0.0006597518804483116
27144, 101.29519653320312, -33.44638442993164, 0.0006592178251594305
27145, 101.29519653320312, -33.44638442993164, 0.0006592178251594305
27146, 101.36869049072266, -33.17683792114258, 0.0006588745163753629
27147, 101.36869049072266, -33.17683792114258, 0.0006588745163753629
27148, 101.4410400390625, -32.906455993652344, 0.0006595230079255998
27149, 101.51221466064453, -32.63543701171875, 0.0006600570632144809
27150, 101.51221466064453, -32.63543701171875, 0.0006600570632144809
27151, 101.58260345458984, -32.36359405517578, 0.0006609725533053279
27152, 101.58260345458984, -32.36359405517578, 0.0006609725533053279
27153, 101.652099609375, -32.09134292602539, 0.000661125173792243
27154, 101.71720123291016, -31.817968368530273, 0.0006622314103879035
27155, 101.71720123291016, -31.817968368530273, 0.0006622314103879035
27156, 101.77784729003906, -31.5440616607666, 0.0006613159202970564
27157, 101.8365249633789, -31.269811630249023, 0.0006602478097192943
27158, 101.8365249633789, -31.269811630249023, 0.0006602478097192943
27159, 101.89331817626953, -30.99553680419922, 0.0006594848237000406
27160, 101.9488296508789, -30.721017837524414, 0.000659141514915973
27161, 101.9488296508789, -30.721017837524414, 0.000659141514915973
27162, 102.00301361083984, -30.446489334106445, 0.0006593322614207864
27163, 102.00301361083984, -30.446489334106445, 0.0006593322614207864
27164, 102.05631256103516, -30.17162322998047, 0.0006596374441869557
27165, 102.10865020751953, -29.896625518798828, 0.0006596374441869557
27166, 102.10865020751953, -29.896625518798828, 0.0006596374441869557
27167, 102.16031646728516, -29.62118148803711, 0.000660324061755091
27168, 102.16031646728516, -29.62118148803711, 0.000660324061755091
27169, 102.85745239257812, -20.5062198638916, 0.0006553650018759072
27170, 102.86287689208984, -20.240093231201172, 0.0006561279296875
27171, 102.86287689208984, -20.240093231201172, 0.0006561279296875
27172, 102.86799621582031, -19.975006103515625, 0.0006558990571647882
27173, 102.86799621582031, -19.975006103515625, 0.0006558990571647882
27174, 102.91452026367188, -14.222667694091797, 0.0006655883626081049
27175, 102.91452026367188, -14.222667694091797, 0.0006655883626081049
27176, 102.91490173339844, -13.96976375579834, 0.0007764053298160434
27177, 102.91513061523438, -13.762866973876953, 0.0005295181181281805
27178, 102.91513061523438, -13.762866973876953, 0.0005295181181281805
27179, 102.91515350341797, -13.558145523071289, 0.0004329681396484375
27180, 102.91515350341797, -13.558145523071289, 0.0004329681396484375
27181, 102.91510772705078, -13.345648765563965, 0.0004108428838662803
27182, 102.91510772705078, -13.345648765563965, 0.0004108428838662803
27183, 102.91498565673828, -13.123915672302246, 0.00042213438428007066
27184, 102.91498565673828, -13.123915672302246, 0.00042213438428007066
27185, 102.91482543945312, -12.891077995300293, 0.00044578552478924394
27186, 102.91460418701172, -12.646615982055664, 0.0004712295485660434
27187, 102.91460418701172, -12.646615982055664, 0.0004712295485660434
27188, 102.91434478759766, -12.394876480102539, 0.0006662750383839011
27189, 102.91434478759766, -12.394876480102539, 0.0006662750383839011
27190, 102.9140625, -12.14769172668457, 0.0006732177571393549
27191, 102.91376495361328, -11.930099487304688, 0.0005151748773641884
27192, 102.91376495361328, -11.930099487304688, 0.0005151748773641884
27193, 102.91376495361328, -11.930099487304688, 0.0005151748773641884
27194, 102.91346740722656, -11.720635414123535, 0.00044876098399981856
27195, 102.91312408447266, -11.509230613708496, 0.00043178556370548904
27196, 102.91312408447266, -11.509230613708496, 0.00043178556370548904
27197, 102.91275787353516, -11.292814254760742, 0.00043899533920921385
27198, 102.91275787353516, -11.292814254760742, 0.00043899533920921385
27199, 102.91236877441406, -11.06756591796875, 0.00045722961658611894
27200, 102.91236877441406, -11.06756591796875, 0.00045722961658611894
27201, 102.91191864013672, -10.831953048706055, 0.00047824857756495476
27202, 102.91146850585938, -10.589591026306152, 0.0004927444388158619
27203, 102.91146850585938, -10.589591026306152, 0.0004927444388158619
27204, 102.91098022460938, -10.348503112792969, 0.0004955291515216231
27205, 102.91098022460938, -10.348503112792969, 0.0004955291515216231
27206, 102.91049194335938, -10.114118576049805, 0.0004901885986328125
27207, 102.91049194335938, -10.114118576049805, 0.0004901885986328125
27208, 102.91000366210938, -9.88709545135498, 0.00048290251288563013
27209, 102.90953063964844, -9.66639232635498, 0.00047698974958620965
27210, 102.90953063964844, -9.66639232635498, 0.00047698974958620965
27211, 102.90904235839844, -9.449617385864258, 0.0004747009079437703
27212, 102.90904235839844, -9.449617385864258, 0.0004747009079437703
27213, 102.90853881835938, -9.23214054107666, 0.00047828673268668354
27214, 102.90853881835938, -9.23214054107666, 0.00047828673268668354
27215, 102.90773010253906, -9.0101900100708, 0.00048618315486237407
27216, 102.90773010253906, -9.0101900100708, 0.00048618315486237407
27217, 102.90680694580078, -8.783588409423828, 0.0004940796061418951
27218, 102.90585327148438, -8.555617332458496, 0.0004974746843799949
27219, 102.90585327148438, -8.555617332458496, 0.0004974746843799949
27220, 102.90489196777344, -8.330934524536133, 0.0004946136614307761
27221, 102.90489196777344, -8.330934524536133, 0.0004946136614307761
27222, 102.90391540527344, -8.111968040466309, 0.000488662684801966
27223, 102.90391540527344, -8.111968040466309, 0.000488662684801966
27224, 102.9029541015625, -7.898173809051514, 0.0004831313854083419
27225, 102.9029541015625, -7.898173809051514, 0.0004831313854083419
27226, 102.9019775390625, -7.686830997467041, 0.0004814147832803428
27227, 102.9019775390625, -7.686830997467041, 0.0004814147832803428
27228, 102.9010009765625, -7.474119186401367, 0.00048439024249091744
27229, 102.90000915527344, -7.257573127746582, 0.0004902267246507108
27230, 102.90000915527344, -7.257573127746582, 0.0004902267246507108
27231, 102.89897918701172, -7.037896156311035, 0.0004956054617650807
27232, 102.89897918701172, -7.037896156311035, 0.0004956054617650807
27233, 102.89795684814453, -6.818405628204346, 0.0004964446998201311
27234, 102.89795684814453, -6.818405628204346, 0.0004964446998201311
27235, 102.89693450927734, -6.6024980545043945, 0.0004928970010951161
27236, 102.89590454101562, -6.391531944274902, 0.0004876708844676614
27237, 102.89590454101562, -6.391531944274902, 0.0004876708844676614
27238, 102.89488220214844, -6.184487342834473, 0.0004837417509406805
27239, 102.89488220214844, -6.184487342834473, 0.0004837417509406805
27240, 102.89391326904297, -5.978581428527832, 0.00048347472329623997
27241, 102.89287567138672, -5.770662784576416, 0.00048709867405705154
27242, 102.89287567138672, -5.770662784576416, 0.00048709867405705154
27243, 102.89185333251953, -5.5595574378967285, 0.0004922866937704384
27244, 102.89185333251953, -5.5595574378967285, 0.0004922866937704384
27245, 102.89078521728516, -5.346810817718506, 0.0004954528412781656
27246, 102.89078521728516, -5.346810817718506, 0.0004954528412781656
27247, 102.89078521728516, -5.346810817718506, 0.0004954528412781656
27248, 102.88560485839844, -4.322436809539795, 0.0004859542823396623
27249, 102.88453674316406, -4.118485450744629, 0.0004904555971734226
27250, 102.88453674316406, -4.118485450744629, 0.0004904555971734226
27251, 102.88348388671875, -3.907911539077759, 0.0004988097934983671